
4868963941747672
4868963516809910
4868963374990249
4868661317472927
4868660373751304
4868603176288759
4868601796626493
4868460822401918
4868460532728913
4868460439674195
4808578786132770
4800583222166850
4793400349953143
4792643102183470
4790028419207451
4788257172753919
4774875505885805
4869164357912306
4869164122505828
4762255780480851
4757125235999326
4754486222652790
4818330366772029
4818325107115095
4818322228515585
4787158008727120
4787157904397354
4787157618919290
4787156679132870
4787151777303025
4787151352368030
4787115940385435
4869330820401898
4869330799431496
4869330569530538
4869330024792196
